intrinsic:
7314.454385382853 0.0 1345.9461524581516 
0.0 3528.7193603492524 442.10798134070035 
0.0 0.0 1.0 
distortion:
-2.8006685195548435 -5.896126604328641 -0.5901926531929876 0.6866664237033863 314.32584331500846 
