intrinsic:
1092.5210071524536 0.0 304.8317873109043 
0.0 1022.0776414482398 215.647483450552 
0.0 0.0 1.0 
distortion:
-7.218956094227204 393.5888295595407 -0.2017769184800506 -0.17474231544222088 -13360.401450615707 
